1010356043 0
497278214 0
181384715 1
random 0.9598383713854883
957436102 0
605458814 0
429116243 0
304625349 0
580191415 1
68328143 0
542039106 0
549494432 0
1035147988 1
493010987 0
288255168 0
152320376 0
644273762 0
random 0.22238613035308075
1051637796 0
220984231 1
random 0.41704744656565995
261461743 1
942994641 0
random 0.23854184122022426
935030589 0
630925076 0
754053251 1
504478655 1
338972092 0
752876803 0
random 0.7407188228278767
657690603 1
1003847695 0
578359911 0
998903508 1
376132195 0
536345467 0
984396248 1
436308333 0
17290114 1
64944481 0
364059800 0
random 0.0288770539515959
535029726 0
861510777 0
311777325 1
440786193 0
843507186 1
237337400 0
1066991154 0
682257123 1
random 0.8644215435931437
1013605951 0
random 0.7767719152491883
1007745471 0
random 0.98279624011341
662440992 0
508081179 1
742853454 0
506966062 1
254614724 1
507505767 0
random 0.5735044249122541
1009817857 0
38681753 1
326894214 1
583775143 0
137630475 1
random 0.22066750176600292
653960194 0
346377456 1
111161662 1
86029451 0
356968013 1
998309844 0
random 0.07333708187481869
162618506 0
307715980 0
843821990 1
851842599 0
150806942 1
171560204 1
random 0.03424617207955083
996361116 0
random 0.549982535180584
137590596 0
965140015 0
345615088 0
random 0.599294482874652
642986604 0
746082457 0
1014985015 0
460713018 1
50858850 0
820331184 0
754435174 0
194234029 0
618469040 0
346115220 0
random 0.23780364489498207
134845953 1
random 0.1131842017054221
382922372 1
738393887 1
906680424 1
random 0.3425251337687383
1027336899 1
165136772 0
random 0.1651091081828444
585872335 0
410802044 1
20347334 0
156265595 0
425518304 0
308307937 0
489644900 0
random 0.5006871475951966
721721344 1
random 0.6120355764830774
322224592 1
random 0.680186187255424
260248466 0
557105857 0
184337331 1
509659873 0
872415933 1
243572122 0
random 0.28176301960371086
781937258 0
135863760 0
668502108 0
901371023 0
random 0.7520392980514135
897843229 0
518976161 0
581736057 0
800362995 0
305375521 0
random 0.7082134066255912
246196592 0
random 0.7091127428704338
598261111 0
635490398 1
random 0.8043702692110102
773635926 0
70871791 1
703638644 0
333008690 1
735283656 1
1025916139 0
564468417 0
705428670 1
531048198 1
379529415 0
721440911 1
415110917 0
540405567 1
617270605 1
551829021 0
211163838 1
random 0.8279361891381434
610501194 0
440354165 0
898171258 1
1021595414 0
93408349 0
830396152 1
246675300 0
random 0.9388893327515218
418085472 0
268121630 0
129895060 0
random 0.4232864849659339
393219787 0
297638766 1
1010317137 1
857076787 0
811423735 0
786459983 1
1071767211 1
839728295 0
random 0.2423676400872572
900739574 1
861075392 1
932811414 0
740369788 0
190154779 0
530885266 1
506148129 1
277284985 1
169583868 0
random 0.7821402522649257
394802322 1
random 0.38426366253552113
813512048 0
915580084 0
1006187624 1
201264604 1
7607673 0
271627321 0
849052831 0
562827068 0
random 0.5681104259689576
413708432 1
805377128 1
182615591 0
442381073 0
random 0.5957025899398187
770907936 1
167821939 0
random 0.8759764635407992
606417521 0
694178482 1
932044333 1
random 0.315212727604959
1027590517 0
137156820 1
308137512 0
242387230 0
random 0.9147567572840758
436361812 1
random 0.4813483089420125
1007784734 0
269695589 0
random 0.5187577092108917
170255883 0
831762542 0
76961033 0
578413895 0
random 0.01220015023434251
296261627 0
901377278 1
388219024 1
314005330 1
1067849720 0
427112169 0
120900299 0
random 0.8328545436843997
679907763 0
random 0.13481551306816075
847448000 0
399226168 0
194022714 0
719294338 0
727581920 0
random 0.29089624169752826
867656279 1
random 0.10216220151795596
49148585 0
699096503 1
262657052 1
random 0.49172734894376435
1020638245 0
748439402 1
random 0.3373274946810718
789883991 0
659612427 0
892268737 0
481264118 0
354670641 0
random 0.6119985467746256
39901217 0
333278516 0
random 0.020772667097878506
170953037 1
439858784 1
171959181 0
659273600 0
504890843 1
496002193 0
366327144 1
384516053 0
326512739 1
1069041735 0
180361118 0
818877870 0
432599280 0
1034586722 0
916126752 1
random 0.460045882985334
680818939 0
random 0.9838912748923636
1031385455 1
random 0.829011962212681
784248654 0
633718801 0
323794006 0
random 0.71559461132334
18752034 1
random 0.9557435250348327
897152026 0
336652146 1
797682017 1
211248456 0
457466717 0
157380093 0
168874559 0
264634585 0
340943616 0
806112829 0
395862207 0
random 0.7092483971230874
267460296 0
747625031 0
332288104 1
random 0.5305597898114907
234522330 0
random 0.4843339780913405
943408141 0
246084964 0
432794620 1
814967729 0
613252913 0
34833634 0
random 0.5516009186443562
176965404 0
1050297000 1
590666725 0
random 0.5148175031635189
86006683 1
random 0.9439472610103405
1032623622 0
586332565 0
784551218 0
436860761 0
random 0.13920375895432158
691686948 0
756608088 0
468600845 1
963449270 0
563644357 1
random 0.7343470608900298
230930038 0
110713232 1
random 0.6084033755252622
383403877 1
881412225 0
357341428 1
1030212277 0
random 0.9419549483892964
167118666 1
1068427493 0
738234691 0
172327403 0
617252180 1
287782403 0
516077630 0
694925458 0
647939351 1
random 0.5447633132112448
627583527 0
316759147 0
random 0.2729574630858784
343068132 1
204547457 1
676900802 1
900591134 1
random 0.2734408421040728
639015755 1
random 0.6106647070723938
610287656 0
933907593 0
593231004 1
1045321173 1
163000418 1
829813710 0
922670184 0
790738357 0
1033010155 1
62103505 1
44075365 0
648641891 0
895117942 0
random 0.6938188924645681
940887364 0
768056640 1
419988815 1
random 0.47256700067439583
497039019 1
311489 1
934870917 1
random 0.8205631926505346
84809963 1
random 0.8548428034292157
391748300 0
random 0.5145594296564935
706248766 0
576314831 1
848118829 0
271112798 0
852933629 0
1002376488 0
891821885 0
67023845 1
random 0.8820766112283349
138090095 0
random 0.2999963138103352
388611681 0
981450373 0
454175396 0
515148309 0
random 0.009976102061436398
79593073 0
77910142 0
random 0.6994731157500844
565632760 0
74663331 0
556468793 0
510460050 0
687112427 0
1017668994 0
219024877 0
random 0.7249763129870186
759656823 0
631991648 0
random 0.5260311193161857
772657164 0
633013038 0
858931501 0
327658034 0
261889048 0
463080223 0
717447985 0
576084841 1
444613685 1
249647999 0
400398773 1
469950833 1
230923361 0
757641439 0
random 0.7754608280203741
484432842 0
random 0.0751732434167609
742863292 1
543401869 0
718127991 0
252277940 0
random 0.874754442018262
209432887 1
random 0.7730146694218507
475240679 1
710626576 0
527194655 0
1001050053 0
78399834 0
624024080 1
476113183 0
347190308 1
892829538 0
random 0.14893139291770874
72161969 1
381813752 0
944233129 0
495921857 1
864991412 0
387100740 0
975388468 0
435026594 1
random 0.29635665564041114
333413964 0
376455206 1
1058172980 0
481236269 0
random 0.22617320274286
8624110 0
818621328 0
random 0.9615334552591599
435082171 0
46607160 1
745685328 0
635066656 1
random 0.8303427857334029
895572296 1
987159526 1
15648489 1
90236103 0
607021784 0
638017835 1
585159232 0
525162538 0
75488718 0
random 0.7121533602841315
554560760 0
860441400 0
651944800 0
969714121 0
495847681 1
random 0.36217285300052726
610772468 0
555231932 0
487732442 0
746695087 1
random 0.030053966416904387
620144002 0
866514753 0
188837611 0
130000735 1
random 0.6843775544703852
738349727 0
275553514 0
random 0.7847691163328179
572264589 0
387974948 0
288734789 0
294271724 1
972033212 0
703712893 0
916699096 1
623102886 0
659598115 0
505561575 1
random 0.11243414159076148
104812740 0
604377705 1
836184180 0
48246086 0
1030660026 0
462197583 1
random 0.7659781042623022
572340455 1
960991331 0
65487162 1
288574193 0
353246766 0
409252293 1
390035647 1
984240743 0
69352640 0
987447585 1
19165082 0
717701475 0
random 0.5891506694284985
798743267 0
random 0.37411092787061917
478340892 1
711458388 1
824342282 0
596471964 0
346310778 1
random 0.8540216927551436
960357655 0
348173505 0
random 0.49838676223783596
328293975 0
959614683 1
96456627 0
533103436 1
random 0.8668551634384867
719604778 0
1060070784 0
1004734575 0
419650888 0
703648569 0
874527885 1
425993177 0
107948494 1
random 0.9891529604293374
280767414 1
875167420 0
580712029 0
random 0.9015523284273053
631842634 0
192326207 0
98917269 1
150199466 1
696914010 0
1030774184 0
509219317 0
54109746 1
random 0.6519850241792857
558792733 0
random 0.08104889120182857
479895768 1
887720569 0
449801452 0
846465521 0
485214937 0
random 0.782759083186807
793788927 1
913546258 1
10705897 1
283679858 0
981432595 1
24385348 1
661359257 0
220618710 1
769036486 0
674866669 0
293954309 0
828950227 1
96633871 0
random 0.5638008436645277
105837962 0
408646337 1
899494737 1
random 0.3125147712244949
652341782 0
652355755 0
849670022 1
811872807 0
410923009 0
602845621 0
random 0.19993720026516026
934956011 0
random 0.863796883302975
917008021 0
785338584 0
469496696 0
566073241 1
random 0.7815090073812592
414443906 1
355872836 0
747515263 0
333723469 0
244842414 0
716459371 1
random 0.08302675948586846
636356544 1
224518174 1
958174320 0
96720363 0
random 0.43155407183231076
275423299 1
299520450 0
61896397 1
113700411 0
291625724 0
158215884 1
640695661 0
random 0.8819355708737706
643486477 0
527973694 0
103901370 0
714437222 1
856589568 0
823741785 0
250006002 0
472968028 1
876140638 0
27587950 1
131273933 0
805449259 1
533941089 0
819632228 0
929229353 1
930229865 0
random 0.5800085397548858
422010113 0
591243892 1
908446718 1
772702548 0
random 0.03274182547926463
333327748 0
random 0.9490624202478923
62123647 1
800562337 1
669523539 1
951171326 0
984960420 0
355878506 1
random 0.8301735823125087
89525183 0
817291488 0
889551494 0
random 0.8814915124863008
324375396 1
865663178 0
971183007 1
217091233 0
737600074 0
random 0.7434842867657623
695393418 0
random 0.22550521272569823
934739973 1
724809866 0
281004428 0
random 0.028905494088955708
652875761 0
572478164 0
random 0.9374873894618072
1067938463 0
random 0.8780895108843643
458923952 1
random 0.6466334636253037
624483777 1
537347423 0
965766581 1
439230522 1
882184715 1
100730117 0
random 0.7351446148222591
632677318 0
633234283 0
random 0.8378726171445787
554792969 1
848323846 0
758478334 0
225422723 1
728063058 0
607680747 1
541057851 0
767096117 0
880735562 0
13789280 0
533953311 0
972593536 1
1056873066 1
229494579 0
151729253 1
125689889 0
random 0.5701930443063359
292965864 0
695348820 1
465610305 1
629242776 0
909404652 1
173142711 0
638200464 0
811858629 1
1031764577 0
365857434 1
random 0.012212542801629978
85080588 0
random 0.5716252403111126
129226256 0
838818428 0
982330101 0
607284248 0
random 0.6277650882629353
999324458 0
random 0.03971712331187738
528361686 0
422356995 1
random 0.07508908815905646
610067499 1
692337316 0
105766033 0
931486041 0
150911405 1
982360340 0
random 0.30433912725330736
174428270 0
100941470 0
430915810 1
100980325 0
797748313 1
835741624 1
407028537 0
275097633 0
random 0.4330459227364394
287357895 0
random 0.9931762509392343
246665663 0
818884951 0
897254511 0
860011824 0
716894268 1
345757846 1
110286030 0
613821870 1
700493929 0
848669108 1
95593244 0
221619054 0
random 0.029796815800914755
618349901 1
random 0.06974998805192545
28925148 0
344569583 1
577785340 0
668741963 0
412918289 0
170938055 0
34947844 0
22221850 0
129013201 1
random 0.12742527761248623
907717109 0
933425415 1
4634906 1
940416943 0
438031715 0
random 0.8906714032502208
73566854 0
1059150294 0
485391444 0
184001838 0
625706758 0
505192518 0
random 0.48005941464388213
470915230 0
46928954 1
780429714 0
495535675 1
231432592 0
420148501 0
755154 1
random 0.823382954283044
95732224 0
916517681 0
971907876 0
662940026 0
274221760 1
938822551 0
151969372 0
780480466 0
522741887 0
860260968 0
285069999 0
377916788 0
861726887 0
823596773 1
random 0.9956163918721883
903508757 0
random 0.623373085215293
124331859 0
962077432 0
953701085 0
644692480 1
639995512 0
117244801 0
242494677 1
1009568819 0
100256691 0
326353561 0
975988778 0
275378278 0
random 0.602022224190432
641228928 0
random 0.022550748343993954
1006204370 0
449523591 0
random 0.6260703817646114
1066734042 0
410332197 1
703070146 0
582215318 0
574228050 0
566575688 0
426062705 1
310172561 1
118934062 0
394460282 0
random 0.7709246807733516
793300376 0
random 0.558550807828182
512178077 0
898191023 1
random 0.8009294344979137
421002955 0
588207953 0
968134268 1
221781532 0
467053882 1
444826173 0
648694757 1
690810179 0
463157616 1
45845929 0
random 0.6921620002800879
472997066 0
644893890 1
433190983 0
8385273 0
627838396 0
671130340 0
915985451 1
351641283 0
943451716 0
random 0.6886699566319827
925520064 0
660852152 1
102772698 0
158440818 1
1056913712 0
475745844 0
107012627 0
124690486 0
1045388446 1
110430724 0
random 0.9380279774842215
641186517 0
619249680 1
708088836 1
673415921 0
random 0.666204895451477
619255339 0
random 0.4703063887999672
787067102 1
random 0.4377630467339284
504039263 1
764848634 1
797141609 0
718295275 0
random 0.7326440460194816
832291230 1
59933137 0
67652373 0
615167515 0
658314850 0
914596104 1
111025682 0
553402117 1
594440623 1
570515134 0
random 0.3489983226290625
613597816 0
834936404 0
random 0.5828643774259581
1023914457 0
167389661 0
961924244 0
967654317 0
533553662 0
42721917 0
124291036 0
random 0.350939491310962
308969481 1
316553773 1
279165449 0
random 0.19769479746208618
184565984 0
752415474 0
946927507 0
477914619 0
578961221 0
random 0.4538550626674953
996305121 0
522895656 0
950500871 0
random 0.4157065630912973
1069471290 1
random 0.44503920202117
824267648 1
1035069239 0
76812692 0
564903350 0
30908364 0
478053888 0
832320 0
random 0.9633103609472096
114492214 0
827518754 1
random 0.3493781530408939
560046327 0
81117788 0
923850245 1
random 0.00647784611212221
589379043 1
random 0.11739691597598134
3396517 0
294180573 0
968337128 0
881121355 0
1032872541 0
random 0.0786272581387899
414456846 1
random 0.9309337347656572
194691887 0
random 0.3299715953155411
779328580 0
690944261 1
random 0.9501398751098478
294918952 0
431298389 1
random 0.08076377455663852
72439384 1
1037327395 0
837292277 1
410002593 0
random 0.5856319601538933
862632486 0
39933208 0
198364009 0
random 0.07348666510675805
107361852 0
609213482 0
888027124 0
667976664 0
923876614 0
807171433 0
random 0.2905796978671613
266322968 0
random 0.23494048561825487
306211 1
406937840 1
530940714 0
74705707 0
1022867386 0
979486492 0
22756596 0
random 0.6245221106356924
839201324 1
random 0.24538386468119744
561687718 1
800418041 0
588222361 0
462595729 0
random 0.9512550194318234
665367266 1
208944610 0
94971741 0
560687081 0
random 0.9994254342796745
899930749 1
163703821 1
816828515 0
492685924 0
582631280 0
479865795 0
487366741 0
986654093 0
103663748 0
717893810 0
454239079 0
451948137 1
779958856 0
random 0.6865391407990618
726887314 0
947199551 1
728604419 1
310481047 0
230205454 0
random 0.060856858143288894
238161391 1
90412683 0
184226734 1
526095888 1
529667627 1
547061522 0
105007401 0
77583880 0
784888727 0
160364872 0
49324191 1
random 0.42515236881607477
537237003 0
451400056 1
663555074 1
8969443 1
random 0.4968743711068455
1020799775 0
700644156 0
62120866 0
555609705 0
992775814 0
1036669856 1
831977705 0
random 0.9775245726390269
455195714 1
1054182512 1
random 0.22840044638350854
82799741 0
177706338 0
302795555 0
310398609 1
805877939 0
506773855 1
927672194 1
694236448 1
345294165 0
397157371 0
random 0.36221266550075026
184938092 0
100604142 0
376310042 1
671468345 1
random 0.9156084524153076
72654807 0
148008988 0
402456529 0
220609761 0
750243255 0
734932685 0
290491044 0
810628019 0
977373188 1
508258165 1
109814501 0
875196562 0
1043589810 0
862518440 0
random 0.48041823065475464
337619620 0
random 0.5488001747269509
961374201 0
1052448154 0
155874172 1
927296609 0
747124022 0
random 0.4829859740636806
980186436 0
956147074 0
976014478 0
529404720 0
761621198 0
random 0.025847003405203184
576642022 1
392984751 0
542432804 1
513668468 0
164257914 0
random 0.7587230429649632
206186554 0
959452706 0
377623173 0
1032070313 0
412251143 1
970962237 0
926634219 0
847930810 1
random 0.1904332800063635
488117931 0
154630273 0
random 0.533596303461517
421677992 0
936214335 1
300912847 0
random 0.14494551368013342
461379671 1
881440612 0
657379399 0
209848935 1
132987555 0
282083183 0
277251462 0
771105345 0
337528737 0
46747763 0
753140202 0
149778348 0
random 0.011187464669670799
598167998 1
482034949 0
random 0.8463932920411217
1012665353 0
754246359 0
random 0.09925425539238453
1071248168 1
62823208 1
574604877 0
136698433 0
724665382 1
812348187 0
640966734 1
random 0.4816208914805573
28799325 0
1071664271 1
672968190 0
568152286 1
170126216 0
402768593 0
random 0.963528673275813
586678375 0
358432243 0
108953795 1
random 0.3693275336742623
650908334 0
24833479 1
random 0.35427955744684003
797360669 0
random 0.5079550406488222
107684849 1
668916821 0
random 0.45935875451767405
527739369 0
644948966 1
random 0.9708701034647484
445253239 0
304382579 1
980801854 0
random 0.4252152675625491
16997611 0
882237139 1
338410070 0
1032477597 1
random 0.49833331975189044
715652268 0
686997760 1
random 0.4972221608577565
562103074 0
167029715 0
random 0.8647914356509405
813144274 0
760544713 0
152458462 1
1022290916 1
177511412 0
525513317 0
976505001 1
664160105 1
141811531 0
806248070 0
random 0.5310335827746206
791903896 1
random 0.6725454922696636
163327990 1
1038162449 0
238416598 0
1050270889 1
527233541 0
random 0.193716331472237
34972620 0
122546316 0
random 0.5136352679858054
509314672 0
random 0.7271392103329655
741568164 0
689966138 0
1055058931 0
900576857 0
799331279 0
983134450 0
160122652 0
856154656 0
1020092396 1
814323669 0
340838771 1
random 0.34827790426636973
654069315 0
852370076 0
413054705 0
93795926 0
881848114 0
27798221 0
922049847 0
random 0.6033010369255551
514347277 0
517062528 0
213185957 1
1071145532 1
random 0.9439492610296489
479868974 0
728750373 1
704462675 1
635714957 0
413338388 0
425700802 0
random 0.7008374710093452
776373276 0
443632296 1
random 0.1966628415320053
1048216731 0
210975861 0